2.49768251206  2.36054744779e-06
2.43413746737  9.22488260128e-06
2.37136755517  7.4613084908e-05
2.31196709642  0.000302290117919
2.256394843  0.00150950354565
2.20700783042  0.00809561085958
2.15366606027  0.0377502676214
2.1045954283  0.170292345702
2.05985921063  0.717871685873
2.01314561417  2.82179839921
1.97076643202  10.365296863
1.92838724986  38.0747891444
1.89040575813  126.253025391
1.85242426639  418.645165962
1.81271850036  1127.10795375
1.77543304595  2554.23548981
1.75097682512  164.290852402
1.72226528514  34.2455486742
1.69554694297  23.9999531042
1.66201059875  22.1356431984
1.63663687416  23.515365649
1.60686545915  27.6734179047
1.57932452741  30.4112372977
1.55388752669  33.4442729405
1.53265838804  36.8334322286
1.50907221387  46.5541663543
1.4834453848  56.7976620807
1.45998576287  66.9870213382
1.43850351973  84.7273088132
1.41689472435  114.845058977
1.39330855019  145.153890287
