1.01225750483e-11  5.26536608104e-13
1.75140362147e-11  9.51856387406e-13
3.26007441326e-11  1.89920317905e-12
4.99358789347e-11  3.26802758941e-12
7.46476040842e-11  5.09498438283e-12
9.8789092225e-11  8.34504285766e-12
1.47676764714e-10  1.93069772888e-11
1.73019573885e-10  3.16227766017e-11
1.95436326562e-10  5.71666650191e-11
2.49359200498e-10  2.39095514427e-10
2.95732783451e-10  2.5535411282e-09
3.22059791872e-10  3.49025487896e-08
3.26007441326e-10  8.48342898244e-08
3.30003479113e-10  2.91263265491e-07
3.38143099433e-10  2.20220194999e-06
3.42287890107e-10  1.1220184543e-05
3.46483485573e-10  0.00360697271533
3.68245599814e-10  0.00418242894433
4.05943515541e-10  0.00418242894433
4.75607481082e-10  0.00326802758941
5.50478980785e-10  0.00268269579528
7.37436904425e-10  0.00155903958686
9.8789092225e-10  0.000951856387406
1.77287145982e-09  0.000337731390879
3.22059791872e-09  0.000103344106388
4.87338461398e-09  4.69276245935e-05
7.37436904425e-09  2.02834981666e-05
9.64110880491e-09  1.1220184543e-05
